# Vortices
-0.7634333848470806 -0.6458865743309188 -0.9807992499831022 -0.19502007904978444 0.8820001200158718 -0.4712491785584223 0.9320995927636483 -0.3622020833317239 0.8948043324502326 -0.44645851613368687 -0.5620022822555875 0.8271356809735093 -0.8864352225625238 0.46285267224088583 0.34515440301286554 -0.9385459168739867 0.7610374907280766 -0.6487078986002196 -0.6646953132498461 -0.7471145431215276 
-0.832127682592771 -0.5545840962944975 -0.9999412805806898 -0.010836761077478795 0.7806539195653963 -0.6249635652317531 -0.9353715088111805 -0.35366670822159063 -0.7125448621863253 -0.701626552641696 -0.9947610596663828 0.10222736508105434 0.31045622176872917 0.9505876784206103 -0.2050444317452107 -0.9787526659020059 0.9898487811964153 0.14212455932727158 0.8958856184657944 -0.44428477199445077 
-0.36419055498686015 0.9313244545583257 0.9999639838631256 -0.008487106490826797 0.9885130994225729 0.1511352118798877 0.5140083544338948 -0.8577851779858169 0.9965495447307694 0.08300002949936922 -0.025241075823363955 -0.999681393290522 -0.15876343806958512 -0.9873166517041658 0.605239285685708 0.796043596207302 -0.8609764023993906 -0.5086449002117319 0.5441896680949225 0.8389622191366772 
-0.9870812353021412 0.1602205820561107 -0.3701193399320822 -0.9289842163396749 -0.8587643789319004 0.5123707070839505 0.4368496822409504 0.8995345213642335 0.3101813900346341 0.9506773928500574 0.9998999104985362 0.014148108884908613 -0.38004035749968285 -0.9249699058193803 0.6903282843866873 -0.723496274887254 -0.13181953215076875 -0.9912737315916086 0.9970803056453441 -0.07636009490687709 
-0.9264082487748556 -0.37652059253366904 0.9960153952279497 -0.08918145810038725 0.999762646623699 -0.021786473234025886 -0.09237676741122182 -0.995724124867251 0.998225707586475 0.05954356987518704 0.9215597824585958 -0.3882364838019033 0.011635720449375138 -0.9999323027133507 0.9999901713574428 0.004433642803837483 -0.2085530853425183 -0.9780110482985948 -0.6989736589118476 -0.7151474142772134 
-0.18658856533861864 -0.982438144253813 0.8316663045559206 -0.5552757493951079 0.40451108670436187 -0.9145330943892934 0.7059442940513948 -0.7082673603211416 0.9069557707793412 -0.42122586559950354 0.999450276894671 0.03315334093519679 0.9993609141811423 0.0357458138392684 -0.7043671228948518 0.7098358656653162 -0.7903017743672628 0.6127178024441235 -0.9507657597256973 -0.3099104227566693 
0.8970118057524207 0.4420065840468685 0.7857719196097888 0.6185163622352668 -0.5962618901747145 0.8027899839467834 -0.9999722670943927 0.007447485622722562 0.6430563534240794 -0.7658188599929656 -0.6547461534326624 0.7558488437281178 0.41501064343533367 -0.9098165561449134 -0.38898114597811123 0.9212457153623865 -0.07862732415638947 0.9969040795863994 -0.988902558242464 -0.14856557576205273 
-0.2476831399479955 -0.96884109232913 0.955016741468861 0.296551890087045 -0.9492878579890087 0.31440827386479464 0.8949513846349658 0.44616366855668277 0.2960421507651181 0.9551748766432057 0.7830911169613927 -0.6219069886535755 0.3261287685296796 -0.9453253547521693 -0.9020879894445716 0.43155215130949176 -0.09056882715629529 -0.9958901985397453 -0.5077352139301811 -0.861513176065969 
-0.9107137817330299 -0.4130380221741374 -0.5649916273595165 0.8250966373787044 0.3729900843859556 0.9278353285738573 0.7155567493405486 0.6985546066508955 0.9978531628041244 0.06549095725217034 -0.9694596741733326 0.24525076993097483 0.576682183548054 -0.8169685790642431 0.06288879320814991 -0.9980205407148806 -0.6548658091126462 0.7557451766668704 -0.9648691930816459 0.262730737147319 
-0.09039090967537043 0.995906362791231 -0.7706462265090293 0.6372632058791673 -0.9454030552400567 0.3259034567824744 0.04767915352174197 -0.9988627024368515 -0.8988460470024721 0.43826451349388285 0.35346891578347883 0.9354462708113449 0.007710836763843285 0.9999702710562957 0.944238883027327 0.32926119081863564 0.9351603221164363 0.35422474777898155 0.7179332781337664 -0.6961119221419096 
# Horizontal Bonds
0 0 0 0 0 0 0 0 0 0 
0 0 0 0 0 0 0 0 0 0 
0 0 0 0 0 0 0 0 0 0 
0 0 0 0 0 0 0 0 0 0 
0 0 0 0 0 0 0 0 0 0 
0 0 0 0 0 0 0 0 0 0 
0 0 0 0 0 0 0 0 0 0 
0 0 0 0 0 0 0 0 0 0 
0 0 0 0 0 0 0 0 0 0 
0 0 0 0 0 0 0 0 0 0 
# Vertical Bonds
0 0 0 0 0 0 0 0 0 0 
0 0 0 0 0 0 0 0 0 0 
0 0 0 0 0 0 0 0 0 0 
0 0 0 0 0 0 0 0 0 0 
0 0 0 0 0 0 0 0 0 0 
0 0 0 0 0 1 1 0 0 0 
0 0 0 0 0 0 0 0 0 0 
0 0 0 0 0 0 0 0 0 0 
0 0 0 0 0 0 0 0 0 0 
0 0 0 0 0 0 0 0 0 0 
# Parents
0 0 0 1 0 2 0 3 0 4 0 5 0 6 0 7 0 8 0 9 
1 0 1 1 1 2 1 3 1 4 1 5 1 6 1 7 1 8 1 9 
2 0 2 1 2 2 2 3 2 4 2 5 2 6 2 7 2 8 2 9 
3 0 3 1 3 2 3 3 3 4 3 5 3 6 3 7 3 8 3 9 
4 0 4 1 4 2 4 3 4 4 4 5 4 6 4 7 4 8 4 9 
5 0 5 1 5 2 5 3 5 4 5 5 5 5 5 5 5 8 5 9 
6 0 6 1 6 2 6 3 6 4 6 5 6 6 6 7 6 8 6 9 
7 0 7 1 7 2 7 3 7 4 7 5 7 6 7 7 7 8 7 9 
8 0 8 1 8 2 8 3 8 4 8 5 8 6 8 7 8 8 8 9 
9 0 9 1 9 2 9 3 9 4 9 5 9 6 9 7 9 8 9 9 
# Sizes
1 1 1 1 1 1 1 1 1 1 
1 1 1 1 1 1 1 1 1 1 
1 1 1 1 1 1 1 1 1 1 
1 1 1 1 1 1 1 1 1 1 
1 1 1 1 1 1 1 1 1 1 
1 1 1 1 1 3 1 1 1 1 
1 1 1 1 1 1 1 1 1 1 
1 1 1 1 1 1 1 1 1 1 
1 1 1 1 1 1 1 1 1 1 
1 1 1 1 1 1 1 1 1 1 
